580,5
580,4
580,3
580,2
580,1
4294967294,1551
579,5
579,4
579,3
579,2
579,1
578,5
578,4
578,3
578,2
578,1
4294967294,205
4294967294,214
577,5
577,4
577,3
577,2
577,1
576,5
576,4
576,3
576,2
576,1
339,18
339,0
575,5
575,4
575,3
575,2
575,1
574,5
574,4
574,3
574,2
574,1
345,6
345,4
289,21
289,0
573,5
573,4
573,3
573,2
573,1
289,20
289,17
572,5
572,4
572,3
572,2
572,1
260,2
258,2
360,6
360,4
258,5
265,2
265,4
260,10
260,9
260,8
260,6
511,8
511,0
289,19
571,5
571,4
571,3
571,2
571,1
289,16
570,5
570,4
570,3
570,2
570,1
569,5
569,4
569,3
569,2
569,1
4294967278,338
289,18
568,5
568,4
568,3
568,2
568,1
339,17
567,5
567,4
567,3
567,2
567,1
234,7
234,0
289,13
566,5
566,4
566,3
566,2
566,1
4294967294,1432
4294967294,1424
4294967294,407
4294967294,213
4294967294,454
289,15
289,7
511,7
511,6
565,5
565,4
565,3
565,2
565,1
564,5
564,4
564,3
564,2
564,1
339,16
563,5
563,4
563,3
563,2
563,1
289,14
562,5
562,4
562,3
562,2
562,1
561,5
561,4
561,3
561,2
561,1
339,15
560,5
560,4
560,3
560,2
560,1
289,12
289,8
4294967278,241
559,5
559,4
559,3
559,2
559,1
4294967278,235
339,14
558,5
558,4
558,3
558,2
558,1
289,11
557,5
557,4
557,3
557,2
557,1
556,5
556,4
556,3
556,2
556,1
4294967278,217
4294967278,215
4294967279,231
555,5
555,4
555,3
555,2
555,1
4294967278,315
554,5
554,4
554,3
554,2
554,1
553,5
553,4
553,3
553,2
553,1
4294967278,300
552,5
552,4
552,3
552,2
552,1
4294967294,173
4294967294,257
4294967294,261
4294967294,210
4294967294,215
551,5
551,4
551,3
551,2
551,1
339,13
550,5
550,4
550,3
550,2
550,1
4294967294,430
4294967279,308
289,10
289,1
289,9
4294967278,2
549,5
549,4
549,3
549,2
549,1
4294967278,447
4294967278,233
4294967278,446
548,5
548,4
548,3
548,2
548,1
339,12
339,11
339,10
547,5
547,4
547,3
547,2
547,1
4294967279,283
4294967278,445
4294967278,444
4294967278,443
4294967278,442
4294967278,441
4294967278,440
4294967278,439
546,5
546,4
546,3
546,2
546,1
4294967278,438
4294967278,437
4294967278,436
305,5
4294967278,435
4294967278,434
4294967278,433
395,4
4294967278,432
4294967278,286
4294967278,431
380,2
381,2
4294967278,430
4294967279,511
308,4
235,5
444,4
4294967278,429
4294967278,428
4294967279,510
4294967278,427
4294967279,2
4294967278,426
4294967279,509
4294967279,508
545,5
545,4
545,3
545,2
545,1
4294967279,507
4294967279,506
4294967279,88
4294967278,425
544,5
544,4
544,3
544,2
544,1
4294967279,505
4294967278,424
4294967279,494
4294967278,423
4294967279,504
4294967278,422
4294967279,500
4294967279,503
4294967279,502
4294967278,421
4294967279,501
4294967279,499
4294967279,498
4294967279,495
4294967278,420
543,5
543,4
543,3
543,2
543,1
4294967279,497
4294967294,396
4294967294,419
4294967294,413
4294967294,178
4294967294,385
4294967294,411
4294967294,384
4294967294,415
4294967294,183
4294967294,457
4294967294,414
4294967294,416
4294967279,496
542,5
542,4
542,3
542,2
542,1
4294967278,419
344,4
541,5
541,4
541,3
541,2
541,1
288,4
340,5
340,4
260,7
260,5
260,4
304,8
258,4
390,4
384,4
241,4
305,6
305,4
4294967278,418
4294967279,493
339,9
540,5
540,4
540,3
540,2
540,1
4294967279,492
4294967279,491
4294967294,1612
4294967294,1611
539,5
539,4
539,3
539,2
539,1
4294967278,417
4294967279,490
538,5
538,4
538,3
538,2
538,1
441,2
4294967294,1576
442,2
461,4
238,2
4294967279,489
537,5
537,4
537,3
537,2
537,1
4294967294,439
4294967294,390
4294967278,416
4294967279,488
4294967279,487
4294967279,486
4294967278,415
4294967278,414
4294967279,485
4294967279,484
4294967279,483
4294967278,413
303,2
4294967279,227
4294967294,1463
303,4
289,2
409,4
312,2
536,5
536,4
536,3
536,2
536,1
4294967279,292
4294967294,168
4294967294,162
4294967294,161
4294967294,1418
4294967279,482
4294967279,481
4294967279,480
4294967279,479
355,2
4294967294,1610
535,5
535,4
535,3
535,2
535,1
4294967294,27
4294967294,82
4294967279,478
4294967279,458
4294967279,477
4294967279,476
4294967278,412
4294967279,475
407,4
4294967279,474
4294967279,457
285,2
406,5
238,5
238,4
4294967294,1425
355,4
356,5
356,4
4294967278,358
4294967278,381
4294967278,411
4294967278,344
4294967278,410
4294967278,294
4294967278,409
4294967278,408
4294967278,407
287,2
4294967279,385
4294967278,335
4294967278,327
4294967279,275
431,2
429,2
430,2
418,2
397,2
4294967279,445
4294967278,383
387,2
4294967279,256
386,2
4294967279,174
379,2
368,2
363,2
361,2
359,2
378,2
334,2
332,2
333,2
319,2
320,2
317,2
304,5
301,6
301,4
304,4
370,4
374,4
318,2
285,4
401,4
442,5
312,4
314,2
316,2
310,2
442,4
442,6
441,4
404,2
403,2
4294967278,67
4294967278,49
4294967278,46
4294967278,40
289,6
289,5
289,4
307,2
380,6
380,5
380,4
381,5
381,4
4294967294,1458
457,4
395,5
447,4
446,4
448,4
448,7
448,5
449,4
406,4
452,5
273,2
4294967294,486
4294967294,1427
4294967294,272
4294967279,311
259,2
4294967279,473
4294967279,0
389,2
385,2
411,0
410,11
410,0
410,10
410,5
411,7
411,1
411,6
411,2
410,9
410,8
410,7
410,1
410,6
410,2
388,2
425,2
411,5
398,4
396,2
410,4
411,4
383,2
534,5
534,4
534,3
534,2
534,1
419,5
419,4
325,5
325,4
533,7
533,6
533,5
533,4
533,3
533,2
533,1
4294967294,1579
531,4
531,3
531,2
531,1
530,4
530,3
530,2
530,1
394,2
529,4
529,3
529,2
529,1
528,4
528,3
528,2
528,1
527,4
527,3
527,2
527,1
4294967279,472
4294967278,174
526,4
526,3
526,2
526,1
4294967294,1555
4294967294,1553
4294967278,406
4294967278,88
524,6
524,5
524,4
524,3
524,2
524,1
4294967278,283
523,4
523,3
523,2
523,1
4294967278,279
4294967278,376
4294967278,405
4294967278,404
4294967278,256
520,5
520,4
520,3
520,2
520,1
4294967294,497
518,4
518,3
518,2
518,1
4294967294,166
4294967279,471
4294967279,470
4294967279,469
4294967279,468
4294967279,440
4294967279,306
4294967279,417
4294967279,432
4294967279,467
4294967279,415
4294967294,387
4294967278,293
4294967279,414
4294967294,89
4294967294,186
4294967279,466
4294967279,276
4294967294,1450
4294967294,1437
4294967294,1448
4294967294,389
4294967294,1462
4294967294,115
4294967294,1573
4294967279,455
4294967279,465
4294967279,288
4294967278,403
4294967279,387
257,2
430,4
431,5
431,4
429,4
4294967279,251
4294967279,464
4294967279,245
4294967278,243
4294967279,239
4294967278,402
4294967278,392
4294967279,235
4294967279,233
4294967278,231
4294967279,225
4294967278,223
4294967279,221
4294967278,219
4294967278,393
4294967279,295
4294967278,342
4294967279,425
4294967279,394
4294967278,401
4294967279,449
327,2
418,14
418,13
418,12
418,11
418,10
418,8
418,7
418,6
418,5
256,2
397,6
397,5
397,4
255,2
387,5
387,4
386,5
386,4
4294967278,319
379,5
379,4
4294967279,402
254,2
367,4
251,2
363,7
363,6
363,5
363,4
248,2
361,9
361,8
361,7
361,5
243,2
359,7
359,6
359,5
359,4
4294967279,261
4294967278,391
247,2
418,9
418,4
4294967294,1469
4294967294,394
378,17
378,16
378,15
378,14
378,13
378,12
378,11
378,10
378,9
378,8
378,7
378,6
378,5
378,4
246,2
244,2
333,5
333,4
334,6
334,5
334,4
332,6
332,7
332,5
332,4
245,2
319,5
239,2
317,6
317,5
317,4
236,2
4294967279,439
4294967278,385
434,2
316,4
318,5
318,4
4294967278,400
432,2
310,8
310,7
310,6
310,5
310,4
433,2
404,5
404,4
343,2
403,5
403,4
341,2
307,4
306,5
306,4
287,7
287,6
287,5
287,4
4294967279,317
4294967278,320
342,2
273,6
273,4
300,2
259,6
259,5
259,4
4294967278,367
4294967278,355
4294967278,229
4294967278,397
4294967279,463
4294967279,437
4294967278,399
299,2
4294967279,450
420,4
4294967294,24
4294967278,336
388,4
389,5
389,4
385,9
385,8
385,7
385,6
385,5
385,4
400,2
399,2
273,5
393,4
425,9
425,8
425,7
425,6
425,5
425,4
413,4
394,6
394,5
394,4
396,7
396,6
396,5
396,4
383,12
383,11
383,10
383,9
383,8
383,7
383,6
383,5
383,4
4294967294,483
4294967278,356
4294967279,307
4294967279,462
284,2
4294967278,370
4294967279,388
351,2
4294967278,369
352,2
257,14
257,13
257,12
257,11
257,10
257,9
257,8
257,7
257,6
257,5
257,4
353,2
327,7
327,6
327,5
327,4
4294967279,138
4294967279,277
4294967278,275
4294967279,303
4294967278,260
4294967279,310
247,5
247,4
248,6
248,5
248,4
4294967279,392
245,5
245,4
246,6
246,5
246,4
239,5
239,4
4294967294,1421
4294967294,417
4294967294,470
357,2
349,2
433,4
434,5
434,4
432,4
4294967294,1459
4294967294,485
4294967294,1464
342,4
343,5
343,4
4294967294,1470
341,4
234,6
234,1
234,5
4294967279,304
330,2
4294967278,337
4294967278,322
399,4
4294967278,371
4294967279,453
4294967278,380
440,4
428,4
408,4
402,4
400,4
4294967294,484
373,4
368,4
320,4
316,5
247,6
245,6
516,4
516,3
516,2
516,1
515,4
515,3
515,2
515,1
514,6
514,5
514,4
514,3
514,2
514,1
4294967279,428
513,4
513,3
